0 261
0 115
0 277
0 14
0 169
0 168
0 272
0 60
0 35
0 159
1 73
1 95
1 190
1 169
1 74
1 23
1 83
1 42
1 18
1 156
1 205
1 266
2 73
2 95
2 190
2 127
2 244
2 23
2 83
2 271
2 98
2 266
3 67
3 159
3 224
3 206
3 98
3 42
3 120
3 243
3 270
3 244
4 272
4 235
4 169
4 244
4 246
4 46
4 82
4 233
4 270
4 232
5 272
5 159
5 238
5 42
5 82
5 102
6 169
6 14
6 248
6 215
6 244
6 23
6 179
6 228
6 224
6 102
6 161
6 37
6 15
6 232
7 228
7 206
7 98
7 46
7 104
7 238
7 102
7 211
8 169
8 224
8 206
8 98
8 46
8 104
8 228
8 23
8 42
8 102
8 243
8 244
8 205
9 272
9 224
9 244
9 104
9 88
9 27
9 211
10 198
10 169
10 23
10 98
10 46
10 104
10 238
10 115
10 229
10 102
10 65
10 270
10 271
10 228
10 244
11 277
11 232
11 169
11 201
11 46
11 237
11 23
11 228
11 98
11 102
11 243
11 15
11 244
12 38
12 244
12 211
12 161
13 277
13 232
13 169
13 224
13 46
13 244
13 246
13 23
13 61
13 228
13 102
13 18
13 270
13 211
14 119
14 277
14 169
14 93
14 98
14 246
14 8
14 102
14 238
14 23
14 120
14 271
14 37
14 228
14 89
14 244
14 176
15 67
15 237
15 46
15 228
15 102
15 243
15 98
16 271
16 161
16 211
17 46
17 98
17 102
17 244
17 201
18 169
18 215
18 46
18 98
18 23
18 104
18 102
18 230
18 243
18 271
18 211
18 244
19 232
19 169
19 46
19 244
19 23
19 228
19 102
20 170
20 89
20 277
20 153
20 271
21 35
21 277
21 3
21 89
21 153
21 80
22 35
22 54
22 277
22 283
22 89
22 153
23 261
23 168
23 129
23 272
23 55
23 74
23 23
23 178
23 167
23 270
23 244
24 35
24 277
24 169
24 74
24 23
24 15
24 153
25 122
25 277
25 220
25 207
25 249
25 81
25 193
25 106
25 89
25 80
26 35
26 277
26 0
26 273
26 68
26 89
26 80
27 89
28 129
28 277
28 103
28 147
28 89
28 80
29 261
29 54
29 270
29 127
29 168
29 8
29 150
29 23
29 179
29 47
29 103
29 142
29 62
29 85
30 168
30 23
30 272
31 35
31 277
31 113
31 169
31 283
31 42
31 89
31 153
32 261
32 272
32 48
32 74
32 8
32 102
32 31
32 159
33 272
33 129
33 113
33 215
33 206
33 98
33 115
33 82
33 18
33 17
33 89
33 185
34 232
34 169
34 224
34 150
34 93
34 228
34 243
34 244
35 271
35 211
35 46
35 243
36 277
36 248
36 46
36 270
36 271
36 89
37 157
37 14
37 248
37 215
37 244
37 23
37 228
37 42
37 102
37 243
37 211
37 232
38 232
38 14
38 206
38 244
38 23
38 228
38 102
39 215
39 206
39 232
39 271
40 272
40 67
40 232
40 215
40 187
40 46
40 42
40 243
40 270
40 211
41 277
41 232
41 14
41 215
41 23
41 244
41 46
42 67
42 232
42 169
42 224
42 23
42 244
42 246
42 93
42 238
42 102
42 18
42 211
42 176
43 198
43 232
43 169
43 224
43 74
43 246
43 46
43 104
43 228
43 102
43 243
43 211
44 198
44 277
44 169
44 46
44 98
44 23
44 61
44 238
44 104
44 102
44 18
44 271
44 211
44 89
44 30
45 168
45 169
45 8
45 23
45 142
45 174
45 11
45 102
45 89
45 80
46 35
46 277
46 169
46 201
46 58
46 238
46 100
46 270
46 271
46 80
46 150
46 205
47 272
47 190
47 64
47 104
47 238
47 42
47 102
47 243
47 271
47 37
47 211
47 155
47 259
48 261
48 38
48 190
48 95
48 83
48 178
48 228
48 102
48 104
48 168
48 73
48 89
48 182
48 266
49 73
49 95
49 190
49 159
49 169
49 46
49 83
49 104
49 238
49 102
49 261
49 271
49 211
49 266
50 73
50 95
50 190
50 106
50 3
50 169
50 23
50 179
50 83
50 132
50 261
50 266
50 284
50 271
50 57
50 30
50 89
50 281
51 168
51 277
51 283
51 58
51 222
51 280
51 102
51 62
51 30
51 89
51 153
51 54
52 170
52 209
52 65
52 14
53 261
53 54
53 169
53 201
53 46
53 102
53 18
53 199
54 51
54 249
54 172
55 35
55 208
55 89
56 35
56 89
56 277
56 81
56 169
57 68
57 35
57 195
57 89
57 273
58 261
58 168
58 108
58 260
58 58
58 209
58 23
58 102
58 269
58 197
58 219
59 168
59 89
59 169
59 201
60 168
60 129
60 277
60 169
60 98
60 23
60 228
60 132
60 116
60 102
60 239
60 271
60 37
60 42
60 89
61 168
61 102
62 261
62 129
62 169
62 201
62 109
62 18
62 271
62 89
63 35
63 14
63 234
63 209
63 179
63 27
63 15
64 35
64 277
64 268
64 0
64 187
64 188
64 89
65 111
65 149
65 54
65 6
65 23
65 179
65 178
65 154
65 252
65 62
65 89
65 153
65 30
66 35
66 234
66 94
66 1
66 225
67 54
67 89
67 268
67 148
67 36
67 19
67 81
67 155
67 80
68 35
68 277
68 169
68 157
68 23
68 179
68 178
68 280
68 229
68 80
68 89
68 30
69 168
69 129
69 159
69 100
69 102
69 89
70 35
70 277
70 159
70 169
70 283
70 58
70 178
70 280
70 252
70 102
70 15
70 89
70 153
71 35
71 234
71 225
71 238
71 72
71 280
71 80
72 35
72 159
72 169
72 113
72 280
72 29
72 252
72 15
72 30
73 35
73 272
73 38
73 80
73 3
73 169
73 63
73 280
73 271
73 12
73 151
74 35
74 198
74 157
74 23
74 51
74 80
74 89
74 30
75 261
75 272
75 169
75 23
75 228
75 102
75 18
75 174
75 167
76 35
76 71
76 277
76 65
76 155
76 153
76 80
77 261
77 168
77 64
77 46
77 136
77 228
78 261
78 271
78 102
78 169
79 173
79 106
79 3
79 169
79 23
79 161
79 172
79 187
79 132
79 107
79 102
79 86
79 271
79 284
79 89
79 46
80 168
80 129
80 277
80 169
80 260
80 46
80 58
80 23
80 102
80 18
80 174
80 57
81 35
81 261
81 277
81 14
81 169
81 23
81 47
81 42
81 269
81 102
81 15
81 27
82 38
82 168
82 190
82 129
82 14
82 169
82 272
82 253
82 23
82 271
82 282
82 102
82 26
82 189
82 30
82 275
82 89
82 199
82 166
83 117
83 198
83 168
83 40
83 195
83 209
83 23
83 12
83 29
83 85
83 65
83 170
83 212
84 35
84 272
84 65
84 3
84 195
84 209
84 22
84 79
84 170
84 37
84 151
85 261
85 168
85 129
85 169
85 96
85 238
85 102
85 18
85 174
85 82
85 30
86 168
86 129
86 127
86 260
86 23
86 203
86 174
87 35
87 90
87 96
88 35
88 115
88 80
88 277
88 249
89 168
89 190
89 169
89 96
89 58
89 211
89 155
90 115
90 96
90 2
90 168
91 261
91 168
91 129
91 96
91 132
91 82
91 174
91 167
91 30
92 123
92 168
92 277
92 169
92 96
92 102
92 261
92 142
92 35
92 89
92 153
92 65
93 168
93 248
93 179
93 228
93 174
93 284
93 155
93 153
93 285
94 168
94 129
94 277
94 273
94 115
94 233
94 170
94 127
94 175
95 261
95 168
95 129
95 169
95 272
95 96
95 209
95 132
95 102
95 174
95 167
95 82
96 169
97 168
97 151
97 54
97 23
97 84
97 154
97 94
97 102
97 30
97 282
97 89
97 153
97 80
98 277
98 169
98 74
98 46
98 16
98 271
99 35
99 129
99 277
99 160
99 268
99 0
99 89
99 80
100 38
100 272
100 64
100 285
100 169
100 74
100 46
100 102
100 18
100 239
100 271
100 57
100 80
100 37
100 135
101 276
101 96
101 23
101 46
102 35
102 168
102 201
102 102
102 62
102 80
103 261
103 136
103 253
103 83
103 102
103 11
104 257
104 50
104 89
105 272
105 99
105 118
105 168
105 234
105 23
105 51
105 159
106 35
106 168
106 198
106 159
106 23
106 74
106 223
106 102
107 261
107 168
107 64
107 45
107 201
107 6
107 98
107 18
107 271
107 89
107 182
108 62
108 271
108 52
108 80
109 261
109 190
109 277
109 260
109 14
109 234
109 209
109 23
109 179
109 12
109 47
109 42
109 102
109 271
109 15
109 126
110 168
110 127
111 261
111 272
111 159
111 23
111 8
111 13
111 63
112 168
112 102
112 136
112 46
112 135
113 35
113 277
113 195
113 273
113 65
113 81
113 236
113 89
114 272
114 64
114 3
114 168
114 234
114 63
114 83
114 147
114 102
114 78
115 123
115 64
115 277
115 169
115 46
115 74
115 23
115 83
115 12
115 36
115 102
115 174
115 124
116 35
116 277
116 4
116 0
116 20
116 29
116 170
116 30
117 127
117 23
117 280
117 103
117 162
117 65
117 170
117 106
118 35
118 190
118 277
118 113
118 283
118 178
118 252
118 81
118 62
118 89
119 35
119 71
119 80
120 123
120 168
120 109
120 23
120 280
120 261
120 102
120 65
120 12
121 35
121 168
121 234
121 46
121 58
121 136
121 245
121 83
121 231
121 135
122 168
122 127
122 130
122 161
122 178
122 102
122 11
122 139
122 30
122 155
122 80
123 99
123 127
123 68
123 100
123 65
123 193
123 170
123 155
123 282
124 35
124 277
124 268
124 25
124 154
124 89
124 153
125 38
125 35
125 277
125 40
125 74
125 1
125 104
125 153
125 115
125 268
125 162
125 65
125 189
125 205
125 89
125 161
125 80
126 168
126 129
126 127
126 98
126 23
126 280
126 174
126 167
127 38
127 35
127 277
127 268
127 68
127 185
127 271
127 89
127 153
127 80
128 35
128 168
128 198
128 277
128 169
128 157
128 40
128 58
128 102
128 212
128 80
129 35
129 206
129 102
129 62
130 159
130 169
130 253
130 179
130 82
130 18
130 62
130 271
130 89
131 123
131 168
131 260
131 155
131 23
131 179
131 125
131 227
131 94
131 102
131 11
131 219
132 272
132 168
132 6
132 209
132 222
132 115
132 102
132 18
132 271
132 89
133 35
133 129
133 234
133 237
133 23
133 47
133 80
134 167
134 271
134 129
134 89
135 35
135 260
135 46
135 178
135 267
135 227
135 80
136 168
136 30
136 5
136 157
136 54
137 64
137 151
137 136
137 253
137 104
137 185
137 271
137 57
137 30
138 38
138 3
138 0
138 104
138 115
138 284
138 130
138 80
139 35
139 168
139 67
139 113
139 102
139 18
139 239
139 11
139 30
140 168
140 64
140 7
140 169
140 46
140 136
140 102
140 80
141 83
141 3
142 35
142 74
142 193
142 153
142 141
143 35
143 198
143 129
143 159
143 234
143 58
143 23
143 271
143 80
144 35
144 277
144 169
144 154
144 162
144 153
144 80
145 168
145 272
145 98
145 23
145 179
145 280
145 155
146 268
146 46
146 36
146 100
146 89
146 80
147 168
147 272
147 92
147 282
148 261
148 64
148 67
148 46
148 104
148 103
149 261
149 190
149 7
149 136
149 64
149 228
149 46
150 271
150 190
150 277
150 153
151 35
151 38
151 277
151 268
151 68
151 89
152 38
152 159
152 113
152 102
152 219
152 3
153 73
153 35
153 190
153 277
153 113
153 23
153 179
153 102
153 159
154 261
154 272
154 159
154 169
154 228
154 47
154 82
154 271
154 256
154 275
154 89
154 30
155 66
155 168
155 155
155 17
156 108
156 23
156 25
156 183
157 35
157 69
157 277
157 268
157 154
157 89
157 153
158 35
158 277
158 154
158 268
158 68
158 36
158 189
158 271
158 89
158 153
159 261
159 168
159 260
159 169
159 46
159 253
159 100
159 102
159 57
160 35
160 277
160 268
160 89
161 277
161 20
161 170
161 29
161 104
161 284
161 89
161 153
162 35
162 136
162 46
162 275
162 137
162 30
163 168
163 64
163 159
163 102
163 192
163 167
164 35
164 277
165 261
165 168
165 64
165 129
165 250
165 96
165 83
165 228
165 167
165 82
165 170
165 285
165 155
165 30
166 35
166 169
166 222
166 273
166 42
166 65
166 271
166 57
166 231
167 40
167 38
167 71
167 89
167 80
168 35
168 168
168 129
168 277
168 154
168 218
168 161
168 0
168 194
168 170
168 153
169 35
169 129
169 277
169 171
169 0
169 194
169 124
169 89
170 261
170 168
170 64
170 277
170 169
170 46
170 244
170 136
170 83
170 273
170 132
170 13
170 102
170 271
170 135
170 89
170 30
171 129
171 215
171 83
171 59
171 102
171 233
171 284
172 284
172 57
172 129
172 102
172 266
173 35
173 117
173 3
173 226
173 169
173 234
173 8
173 58
173 23
173 260
173 280
173 80
174 261
174 168
174 277
174 234
174 178
174 11
174 102
174 18
174 174
174 156
174 57
174 89
174 30
175 108
175 249
175 268
175 23
175 103
175 153
175 80
176 261
176 168
176 151
176 169
176 201
176 269
176 174
177 54
177 69
177 277
177 249
177 0
177 36
177 89
177 153
177 80
178 159
178 169
178 179
178 280
178 170
178 162
178 271
178 62
178 82
178 89
178 80
179 35
179 54
179 179
179 142
179 102
179 80
180 35
180 169
180 58
180 178
180 280
180 222
180 271
180 211
181 261
181 168
181 46
181 179
181 142
181 11
181 102
181 165
182 35
182 277
182 89
182 273
183 168
183 14
183 272
183 225
183 23
183 102
183 18
184 265
184 261
184 270
184 157
184 260
184 54
184 23
184 169
184 179
184 11
184 142
184 162
184 174
184 156
184 102
184 219
184 281
185 35
185 54
185 113
185 260
185 245
185 261
185 11
185 142
185 18
185 174
185 270
185 219
185 80
186 169
186 58
186 178
186 280
186 47
186 142
186 11
186 37
186 126
186 285
187 261
187 168
187 223
187 23
187 13
187 102
187 121
188 168
188 129
188 178
188 132
189 168
189 178
189 142
189 11
189 102
189 89
189 285
190 35
190 168
190 129
190 45
190 207
190 8
190 84
190 19
190 62
191 261
191 168
191 54
191 46
191 23
191 102
191 174
191 11
191 142
192 129
192 155
193 35
193 168
193 118
193 169
193 58
193 178
193 280
193 231
193 102
193 211
194 168
194 129
194 219
194 13
194 102
194 121
194 57
194 130
195 168
195 127
195 92
195 272
195 23
195 280
195 60
195 5
196 35
196 168
196 277
196 260
196 14
196 58
196 23
196 169
196 179
196 47
196 42
196 269
196 261
196 280
196 102
196 127
197 168
197 127
197 5
198 261
198 168
198 169
198 54
198 179
198 178
198 102
198 11
198 142
198 285
199 35
199 168
199 129
199 277
199 153
199 178
199 238
199 229
199 94
199 142
199 70
199 236
199 80
199 89
199 126
199 30
200 38
200 272
200 129
200 159
200 169
200 98
200 178
200 102
200 271
200 254
200 89
201 35
201 168
201 33
201 161
201 178
201 142
201 89
202 261
202 168
202 129
202 127
202 169
202 98
202 23
202 179
202 11
202 18
202 167
202 271
203 35
203 168
203 211
203 157
203 169
203 260
203 237
203 178
203 280
203 270
203 102
203 11
203 263
203 12
204 35
204 0
204 164
204 19
204 208
204 89
204 80
205 35
205 54
205 190
205 74
205 36
205 102
205 53
205 80
206 35
206 129
206 277
206 268
206 89
206 153
207 168
207 181
207 7
207 74
207 136
207 132
207 107
207 271
208 73
208 168
208 129
208 206
208 136
208 228
208 102
208 261
208 82
209 35
209 261
209 64
209 21
209 136
209 228
209 271
209 135
210 261
210 272
210 64
210 78
210 277
210 48
210 169
210 283
210 136
210 74
210 7
210 238
210 102
210 35
210 253
210 46
211 38
211 168
211 190
211 127
211 169
211 272
211 209
211 253
211 179
211 262
211 231
211 82
211 261
211 174
211 167
211 102
211 254
211 89
211 15
211 30
212 137
212 136
212 177
212 65
212 80
213 270
213 277
213 124
214 261
214 168
214 190
214 54
214 74
214 46
214 245
214 83
214 64
214 102
214 174
214 284
214 228
214 53
215 261
215 64
215 169
215 46
215 136
215 83
215 23
215 102
215 174
216 270
216 184
217 272
217 190
217 169
217 14
217 6
217 102
217 233
217 243
217 271
217 232
218 38
218 161
219 104
219 228
219 102
219 62
219 57
219 211
219 282
220 272
220 190
220 277
220 232
220 184
220 244
220 46
220 104
220 228
220 102
220 243
220 271
220 37
220 89
220 57
221 232
221 104
221 228
221 138
221 57
221 211
221 282
222 261
222 168
222 64
222 98
222 190
222 83
222 102
222 18
222 57
222 266
223 168
223 129
223 169
223 87
223 58
223 94
223 84
223 13
223 227
224 35
224 168
224 277
224 169
224 96
224 161
224 179
224 178
224 280
224 102
224 233
224 124
224 11
224 89
224 285
225 168
225 260
225 102
225 105
225 130
225 30
226 261
226 168
226 169
226 216
226 161
226 142
226 102
226 11
226 85
227 261
227 168
227 272
227 96
227 209
227 132
227 82
227 174
227 167
228 154
228 80
228 89
228 153
228 110
229 224
229 244
229 274
229 228
229 115
229 229
229 116
229 233
230 38
230 272
230 232
230 224
230 244
230 46
230 104
230 228
230 115
230 102
230 236
230 271
230 264
230 211
231 119
231 98
231 230
232 272
232 244
232 228
232 34
232 271
232 211
232 155
233 35
233 261
233 277
233 260
233 58
233 207
233 59
233 65
233 11
234 73
234 168
234 169
234 266
234 46
234 136
234 83
234 238
234 115
234 102
234 18
234 193
234 228
234 137
234 233
234 135
235 261
235 169
235 14
235 8
235 23
235 47
235 102
235 18
235 211
235 182
236 35
236 36
236 102
236 18
236 57
236 30
237 277
237 260
237 23
237 102
237 18
237 89
237 153
238 109
238 113
238 169
238 260
238 12
238 211
238 241
238 102
238 179
238 239
238 238
238 228
238 199
238 18
239 35
239 277
239 74
239 89
239 36
240 168
240 277
240 260
240 169
240 201
240 8
240 237
240 209
240 23
240 179
240 46
240 102
240 18
240 174
240 57
240 89
240 58
240 159
241 35
241 168
241 129
241 277
241 234
241 89
241 98
241 23
241 179
241 280
241 154
241 78
241 130
241 153
241 80
242 35
242 277
242 169
242 23
242 46
242 36
242 124
242 270
242 57
243 35
243 190
243 157
243 201
243 179
243 280
243 102
243 18
243 57
243 182
244 73
244 168
244 277
244 159
244 14
244 23
244 261
244 271
244 89
244 153
245 206
245 211
245 104
245 272
246 272
246 46
246 104
246 42
246 102
246 37
246 211
246 182
247 272
247 159
247 244
247 104
247 60
247 42
247 271
247 37
247 211
247 182
247 232
248 73
248 95
248 190
248 211
248 232
248 169
248 248
248 244
248 83
248 104
248 31
248 42
248 102
248 271
248 228
248 126
248 58
248 266
249 73
249 168
249 69
249 169
249 83
249 58
249 23
249 64
249 104
249 228
249 135
249 102
249 101
249 244
249 11
249 57
249 211
249 182
249 259
249 128
250 213
250 169
250 46
250 98
250 136
250 82
250 102
250 155
251 103
251 268
251 80
251 153
251 249
252 98
252 104
252 115
252 132
252 243
252 57
252 159
252 64
252 224
252 244
252 46
252 61
252 228
252 233
252 271
252 211
252 190
252 232
252 82
252 272
252 238
252 102
253 73
253 168
253 234
253 58
253 179
253 211
253 266
254 35
254 38
254 277
254 255
254 189
254 89
254 153
254 80
255 261
255 168
255 64
255 169
255 234
255 7
255 46
255 238
255 132
255 102
255 271
255 211
255 136
256 272
256 81
256 169
256 224
256 244
256 23
256 115
256 231
256 78
256 79
256 62
256 211
256 89
256 128
257 73
257 35
257 248
257 247
257 58
257 23
257 104
257 265
257 47
257 42
257 102
257 271
257 228
257 244
257 282
258 186
258 46
259 272
259 104
259 102
259 70
259 271
259 37
259 211
259 182
259 282
260 38
260 272
260 244
260 46
260 104
260 228
260 102
260 271
260 80
261 58
261 237
261 23
261 228
261 37
261 182
261 232
262 168
262 64
262 169
262 46
262 83
262 102
262 18
262 271
262 57
263 261
263 169
263 23
263 102
263 156
263 264
263 211
264 169
264 157
264 90
264 23
264 47
264 18
264 156
264 57
264 53
264 31
265 169
265 14
265 248
265 244
265 23
265 156
265 271
265 30
266 261
266 277
266 207
266 162
266 65
266 124
267 35
267 190
267 277
267 33
267 82
267 57
267 153
268 261
268 87
268 129
268 201
268 46
268 23
268 228
268 42
268 70
268 168
268 285
269 35
269 277
269 249
269 268
269 115
269 36
269 89
269 80
270 35
270 190
270 169
270 201
270 227
270 279
271 273
271 115
271 163
271 41
271 233
271 231
272 38
272 168
272 234
272 46
272 102
272 57
272 217
272 266
273 38
273 272
273 124
273 89
273 277
274 54
274 190
274 79
274 271
274 89
274 30
275 53
275 31
275 45
275 153
276 35
276 168
276 190
276 129
276 277
276 260
276 169
276 201
276 6
276 58
276 102
276 78
276 62
276 80
277 35
277 190
277 169
277 201
277 102
277 11
278 168
278 69
278 129
278 14
278 169
278 272
278 223
278 220
278 23
278 102
278 65
278 174
279 168
279 198
279 272
279 23
279 172
279 136
279 102
279 174
279 271
279 46
280 73
280 168
280 190
280 169
280 95
280 83
280 57
280 266
281 73
281 95
281 190
281 45
281 169
281 201
281 144
281 272
281 83
281 104
281 179
281 147
281 102
281 261
281 270
281 271
281 131
281 266
282 73
282 168
282 190
282 169
282 95
282 74
282 23
282 83
282 59
282 102
282 261
282 267
282 266
282 18
283 261
283 73
283 190
283 3
283 169
283 95
283 201
283 23
283 83
283 42
283 102
283 271
283 131
283 266
283 205
284 261
284 35
284 277
284 260
284 14
284 8
284 169
284 179
284 236
284 15
284 12
284 219
284 157
284 282
285 35
285 198
285 80
285 234
285 244
285 136
285 190
285 104
285 280
285 10
285 243
285 146
285 271
285 211
285 233
286 38
286 272
286 260
286 169
286 23
286 280
286 159
286 102
286 18
286 271
286 254
286 256
287 35
287 149
287 169
287 225
287 23
287 162
287 89
287 153
287 30
288 35
288 277
288 159
288 253
288 113
288 178
288 53
288 89
288 153
288 30
289 178
289 102
289 271
289 57
289 89
289 30
290 127
290 92
290 14
290 58
290 179
290 178
290 228
290 142
290 11
290 211
290 89
290 30
291 168
291 277
291 283
292 261
292 168
292 102
292 156
292 57
292 282
293 261
293 168
293 169
293 157
293 54
293 179
293 102
293 11
293 142
293 240
294 261
294 168
294 129
294 277
294 54
294 283
294 23
294 11
294 153
295 35
295 277
295 89
295 283
296 54
296 71
296 277
296 56
296 68
296 36
296 89
296 153
296 80
297 261
297 198
297 14
297 179
297 178
297 102
297 11
297 30
298 261
298 54
298 169
298 260
298 216
298 23
298 142
298 156
298 102
298 57
298 89
299 261
299 11
299 102
299 174
300 261
300 168
300 190
300 169
300 238
300 11
300 102
300 174
300 156
300 142
301 198
301 157
301 159
301 169
301 190
301 102
301 18
301 167
302 35
302 6
302 46
302 23
302 178
302 102
302 142
302 57
302 153
302 80
303 168
303 190
303 129
303 157
303 272
303 209
303 142
303 174
303 11
303 102
303 219
304 261
304 54
304 190
304 168
304 96
304 179
304 178
304 11
304 102
304 156
304 142
304 89
304 205
305 35
305 168
305 277
305 283
305 96
305 179
305 178
305 102
305 261
305 174
305 11
305 57
305 54
305 80
306 261
306 168
306 169
306 260
306 201
306 58
306 179
306 178
306 12
306 47
306 13
306 42
306 102
306 37
307 168
307 169
307 260
307 201
307 223
307 58
307 46
307 280
307 23
307 13
307 42
307 102
307 219
307 118
308 261
308 168
308 190
308 14
308 157
308 54
308 260
308 178
308 11
308 94
308 142
308 174
308 156
308 102
308 89
308 199
309 261
309 168
309 190
309 169
309 178
309 102
309 174
309 11
309 142
309 57
309 31
310 38
310 272
310 127
310 159
310 169
310 168
310 178
310 132
310 102
310 254
310 30
311 35
311 277
311 178
311 238
311 142
311 78
311 156
311 153
312 261
312 168
312 109
312 169
312 260
312 178
312 11
312 94
312 102
312 18
312 174
312 156
312 219
312 199
313 35
313 261
313 109
313 14
313 169
313 178
313 77
313 142
313 174
313 156
313 102
313 89
314 261
314 168
314 277
314 283
314 84
314 156
314 102
314 11
315 261
315 168
315 109
315 169
315 98
315 23
315 179
315 280
315 102
315 174
315 11
315 12
316 68
316 86
316 69
316 189
317 272
317 190
317 169
317 46
317 244
317 23
317 198
317 104
317 228
317 102
317 18
317 243
317 271
317 211
317 282
318 102
318 198
318 23
318 151
319 35
319 190
319 169
319 201
319 8
319 102
319 62
319 142
319 53
319 153
319 80
320 14
320 169
320 237
320 23
320 12
320 115
320 102
320 18
320 271
320 195
321 168
321 149
321 277
321 260
321 169
321 23
321 223
321 47
321 11
321 57
321 219
321 89
322 277
322 283
322 34
322 89
322 153
322 80
323 35
323 14
323 157
323 248
323 283
323 169
323 18
323 153
323 151
324 35
324 277
324 14
324 169
324 201
324 23
324 124
324 89
325 277
325 151
325 248
325 153
325 116
325 271
325 89
325 212
326 35
326 38
326 277
326 159
326 169
326 272
326 46
326 254
326 53
326 153
327 35
327 190
327 201
327 126
327 143
327 37
327 153
328 35
328 277
328 283
328 65
328 124
328 89
328 153
329 71
329 129
329 277
329 0
329 207
329 115
329 65
329 271
329 127
329 89
330 38
330 129
330 277
330 0
330 115
330 100
330 162
330 65
330 127
330 89
331 35
331 89
331 268
331 0
331 277
332 35
332 69
332 89
333 123
333 168
333 64
333 169
333 201
333 245
333 47
333 16
333 42
333 102
333 18
333 57
333 9
334 168
334 190
334 58
334 169
334 134
334 74
334 245
334 13
334 11
334 9
335 73
335 95
335 190
335 67
335 157
335 169
335 168
335 58
335 23
335 179
335 222
335 83
335 211
335 139
335 102
335 158
335 57
335 238
335 182
335 266
336 208
336 3
336 55
336 65
336 211
336 80
337 96
337 23
337 104
337 189
337 57
337 208
337 46
338 35
338 38
338 277
338 268
338 163
338 162
338 89
338 9
338 80
339 35
339 261
339 98
339 136
339 102
339 11
340 4
340 189
340 97
340 183
340 132
341 190
341 260
341 214
341 23
341 178
341 102
341 11
341 219
342 277
342 159
342 169
342 268
342 207
342 179
342 189
342 65
342 271
342 62
342 82
342 30
342 89
342 3
343 271
343 74
343 277
343 89
343 169
344 38
344 35
344 69
344 277
344 273
344 100
344 89
344 153
345 272
345 253
345 169
345 46
346 35
346 277
346 268
346 0
346 68
346 49
346 79
346 89
347 248
347 155
347 268
347 9
347 89
347 153
348 35
348 38
348 277
348 268
348 273
348 89
349 261
349 168
349 109
349 277
349 169
349 21
349 46
349 271
349 89
350 35
350 277
350 89
350 153
351 261
351 87
351 169
351 14
351 168
351 96
351 209
351 23
351 132
351 102
351 81
351 11
351 89
351 199
351 30
352 35
352 38
352 277
352 268
352 189
352 65
352 271
352 89
352 153
352 80
353 168
353 129
353 157
353 272
353 179
353 280
353 18
353 174
353 11
353 271
353 57
353 211
353 80
354 129
354 172
354 136
354 193
354 79
355 35
355 54
355 129
355 277
355 124
355 89
355 153
356 113
356 253
356 23
356 18
356 53
356 89
356 153
356 30
357 261
357 38
357 14
357 54
357 90
357 23
357 57
358 38
358 35
358 277
358 268
358 68
358 36
358 189
358 89
359 232
359 169
359 244
359 46
359 104
359 47
359 18
359 57
359 135
359 230
359 58
359 176
359 128
360 261
360 272
360 38
360 14
360 169
360 74
360 48
360 102
360 82
360 30
361 261
361 169
361 46
361 23
361 83
361 228
361 8
361 102
361 81
361 156
362 277
362 121
362 169
362 244
362 46
362 83
362 102
362 251
362 271
362 53
362 159
363 38
363 168
363 190
363 14
363 169
363 272
363 237
363 200
363 254
363 208
363 15
364 268
364 172
364 183
364 243
364 147
365 38
365 35
365 74
365 163
365 189
365 268
365 281
366 35
366 190
366 81
366 62
366 57
366 153
366 30
367 129
367 153
367 77
368 261
368 190
368 151
368 169
368 18
368 174
368 271
369 261
369 168
369 14
369 11
369 102
369 156
369 142
370 35
370 38
370 277
370 268
370 68
370 89
370 153
371 190
371 277
371 14
371 169
371 153
371 271
371 15
371 89
371 212
372 35
372 169
372 201
372 18
372 81
372 80
373 35
373 74
373 43
373 268
374 38
374 35
374 277
374 268
374 89
374 153
375 35
375 272
375 277
375 268
375 68
375 36
375 81
375 89
375 153
376 68
376 268
376 81
377 277
377 268
377 162
377 65
377 271
377 89
377 285
378 35
378 198
378 108
378 3
378 169
378 190
378 18
378 53
379 261
379 35
379 190
379 109
379 159
379 169
379 179
379 285
379 82
379 174
379 62
379 271
379 53
379 89
379 80
380 35
380 277
380 55
380 0
380 68
380 89
381 35
381 277
381 3
381 268
381 189
381 65
381 81
381 271
381 89
381 153
382 35
382 277
382 159
382 169
382 252
382 189
382 124
382 57
382 89
382 153
383 35
383 38
383 277
383 74
383 0
383 153
383 162
383 65
383 124
383 89
383 268
383 80
384 0
384 277
384 161
384 1
384 104
384 80
385 35
385 89
385 268
385 277
385 153
386 54
386 159
386 157
386 74
386 8
386 169
386 179
386 115
386 271
386 57
386 89
387 35
387 68
387 268
387 277
387 189
388 38
388 272
388 127
388 159
388 169
388 23
388 46
388 254
389 35
389 38
389 277
389 268
389 0
389 68
389 163
389 124
389 89
389 153
390 35
390 38
390 277
390 268
390 68
390 163
390 89
391 82
391 127
391 135
392 47
392 127
392 244
392 102
392 198
393 35
393 38
393 277
393 268
393 104
393 65
393 89
393 80
394 35
394 268
394 129
394 127
394 81
395 261
395 272
395 38
395 129
395 48
395 14
395 74
395 169
395 102
395 30
395 89
395 159
396 54
396 36
396 72
396 97
396 114
396 155
396 80
397 168
397 232
397 157
397 21
397 244
397 23
397 104
397 102
397 18
397 193
397 57
398 35
398 127
398 277
398 89
398 153
399 35
399 102
399 57
399 23
399 190
400 38
400 35
400 3
400 4
400 207
400 273
400 251
401 186
401 234
401 244
401 13
401 42
401 270
402 261
402 168
402 277
402 157
402 169
402 178
402 94
402 102
402 174
402 156
402 199
402 30
403 168
403 129
403 169
403 102
403 131
403 155
404 190
404 169
404 7
404 58
404 8
404 280
404 47
404 135
404 80
405 35
405 38
405 277
405 220
405 268
405 153
405 189
405 65
405 89
405 9
405 80
406 35
406 14
406 260
406 223
406 23
406 29
406 269
406 219
406 80
407 168
407 190
407 108
407 102
407 14
408 35
408 129
408 157
408 23
408 178
408 102
408 11
408 142
408 31
409 35
409 54
409 190
409 201
409 53
409 80
410 35
410 251
410 201
410 172
410 115
410 81
410 153
411 129
411 3
411 207
411 132
411 42
411 145
411 130
411 231
412 277
412 268
412 89
412 153
412 124
413 277
413 74
413 179
413 271
413 89
413 58
414 35
414 277
414 268
414 153
414 89
414 74
415 68
415 35
415 29
415 80
416 38
416 54
416 277
416 169
416 283
416 272
416 179
416 35
416 81
416 167
416 254
416 153
417 261
417 190
417 169
417 74
417 7
417 98
417 46
417 83
417 23
417 136
417 102
417 174
417 153
417 80
418 68
418 35
418 185
419 159
419 169
419 201
419 23
419 47
419 251
419 271
419 89
420 261
420 272
420 198
420 3
420 74
420 190
420 102
420 38
420 48
421 35
421 277
421 268
421 249
421 271
421 80
421 89
421 153
421 135
422 265
422 157
422 169
422 14
422 74
422 23
422 47
422 42
422 102
422 271
422 89
423 35
423 38
423 190
423 129
423 277
423 169
423 272
423 47
423 167
423 271
423 57
423 89
423 254
423 80
424 35
424 277
424 169
424 283
424 178
424 80
425 190
425 201
425 8
425 228
425 271
425 53
425 89
425 153
426 35
426 69
426 277
426 273
426 68
426 208
426 153
427 35
427 68
427 277
427 89
427 191
428 261
428 54
428 169
428 260
428 219
428 23
428 77
428 102
428 174
428 11
428 89
428 199
428 285
429 103
429 127
429 277
429 153
429 89
430 35
430 277
430 268
430 189
430 251
430 124
430 89
430 153
431 261
431 38
431 109
431 169
431 272
431 46
431 42
431 142
431 18
431 62
431 271
432 277
432 283
432 89
432 58
432 163
432 271
432 53
432 231
432 32
433 265
433 168
433 190
433 129
433 277
433 58
433 0
433 207
433 179
433 42
433 102
433 130
434 35
434 38
434 277
434 268
434 189
434 251
434 89
434 153
435 129
435 127
435 257
435 172
435 104
435 115
435 170
436 115
436 271
436 163
436 277
436 283
437 35
437 69
437 277
437 268
437 273
437 68
437 81
437 124
437 89
437 153
438 35
438 277
438 268
438 104
438 162
438 65
438 81
438 271
438 89
438 153
438 205
439 38
439 272
439 109
439 248
439 244
439 104
439 42
439 102
439 18
439 193
439 271
439 57
440 35
440 272
440 190
440 277
440 244
440 63
440 228
440 132
440 271
440 273
440 31
441 261
441 157
441 90
441 58
441 136
441 238
441 47
441 13
441 102
441 18
441 193
441 271
441 228
441 244
442 168
442 108
442 223
442 23
442 62
442 102
442 170
442 57
443 249
443 208
443 25
443 81
443 80
444 261
444 14
444 178
444 142
444 15
444 285
445 284
445 115
445 46
445 159
445 228
446 169
446 201
446 58
446 23
446 47
446 241
446 57
446 15
446 199
447 277
447 268
447 273
447 36
447 271
447 89
447 9
448 261
448 190
448 169
448 21
448 46
448 83
448 102
448 18
448 121
449 265
449 35
449 190
449 260
449 74
449 223
449 115
449 11
449 167
449 219
450 168
450 190
450 277
450 45
450 169
450 201
450 260
450 102
450 18
450 11
450 271
450 53
450 89
450 153
451 277
451 3
451 0
451 89
451 153
451 80
452 35
452 129
452 277
452 89
452 273
452 42
452 162
452 65
452 81
452 193
452 130
452 153
453 244
453 23
453 228
453 271
453 211
453 89
453 31
454 35
454 277
454 268
454 68
454 89
454 153
454 80
455 35
455 38
455 277
455 268
455 189
455 65
455 251
455 89
455 80
456 35
456 272
456 129
456 127
456 248
456 268
456 124
456 277
456 89
457 277
457 169
457 248
457 23
457 179
457 231
457 139
457 18
457 271
457 102
457 89
457 153
458 157
458 252
458 102
458 5
458 78
458 271
458 89
458 80
459 35
459 277
459 268
459 81
459 89
459 153
460 35
460 190
460 14
460 169
460 58
460 46
460 182
460 205
461 55
461 0
461 207
461 273
461 115
461 163
461 189
461 271
462 129
462 277
462 3
462 207
462 273
462 65
462 89
462 153
463 35
463 277
463 268
463 207
463 65
463 89
463 80
464 89
464 277
465 162
465 277
465 65
466 261
466 277
466 46
466 58
466 136
466 228
466 42
466 82
466 102
467 68
467 135
467 193
467 104
467 282
468 35
468 277
468 268
468 81
468 124
468 208
468 89
468 80
469 35
469 38
469 277
469 0
469 273
469 65
469 86
469 89
469 80
470 35
470 196
470 74
470 65
471 169
471 8
471 228
471 36
471 102
471 271
471 53
471 89
471 80
472 35
472 277
472 273
472 115
472 107
472 163
472 89
473 35
473 277
473 283
473 23
473 102
473 57
473 89
474 261
474 168
474 190
474 109
474 169
474 14
474 201
474 96
474 174
474 285
474 30
475 35
475 38
475 277
475 283
475 55
475 207
475 273
475 124
475 89
475 153
476 3
476 268
476 207
476 115
476 163
476 243
476 208
476 161
477 190
477 248
477 58
477 104
477 280
477 42
477 142
477 18
477 271
477 102
477 57
477 31
477 244
478 35
478 129
478 151
478 172
478 104
478 115
478 11
478 170
479 261
479 38
479 190
479 109
479 169
479 14
479 46
479 142
479 102
479 53
480 168
480 190
480 109
480 113
480 169
480 42
480 108
480 102
480 271
480 142
480 89
481 277
481 268
481 273
481 124
481 89
481 9
481 80
482 261
482 272
482 113
482 169
482 201
482 48
482 74
482 23
482 260
482 179
482 102
482 251
482 270
482 159
483 35
483 38
483 277
483 268
483 68
483 81
483 89
483 80
484 35
484 190
484 53
484 277
484 102
484 62
484 211
485 69
485 268
485 273
485 81
485 193
485 80
486 35
486 277
486 268
486 189
486 89
486 74
487 261
487 168
487 109
487 166
487 169
487 46
487 23
487 102
488 190
488 225
489 168
489 190
489 109
489 169
489 47
489 57
489 89
489 30
490 35
490 53
490 277
490 163
490 178
491 190
491 232
491 244
491 46
491 228
491 13
491 102
491 233
491 142
492 35
492 277
492 74
492 68
492 189
492 124
492 89
492 268
493 35
493 277
493 159
493 58
493 23
493 178
493 53
493 153
494 35
494 272
494 277
494 268
494 68
494 271
494 153
495 35
495 277
495 248
495 268
495 68
495 89
495 153
496 35
496 38
496 129
496 169
496 14
496 179
496 262
496 102
496 156
496 30
497 38
497 225
497 23
497 159
498 270
498 261
498 23
498 14
498 169
499 127
499 55
499 24
499 63
499 4
499 170
500 68
500 268
500 0
500 153
500 80
501 123
501 168
501 190
501 14
501 169
501 179
501 42
501 102
501 174
501 130
501 282
502 261
502 14
502 169
502 23
502 37
502 211
502 89
503 38
503 64
503 277
503 151
503 169
503 46
503 253
503 190
503 12
503 47
503 18
503 121
503 270
504 277
504 14
504 157
504 90
504 271
504 80
505 277
505 248
505 268
505 283
505 68
505 185
505 89
505 153
505 80
506 35
506 127
506 268
506 65
506 114
506 277
507 190
507 129
507 3
507 0
507 115
507 42
508 38
508 272
508 159
508 169
508 74
508 46
508 18
508 102
508 261
508 270
508 57
508 254
508 48
509 35
509 26
509 30
510 220
510 268
510 154
510 29
510 162
510 153
511 261
511 168
511 277
511 283
511 23
511 11
511 167
511 102
511 174
511 156
511 53
511 219
512 35
512 68
512 268
513 35
513 54
513 198
513 277
513 157
513 201
513 75
513 270
513 57
513 153
513 80
514 109
514 14
514 169
514 201
514 23
514 241
514 271
515 102
515 23
515 14
516 38
516 168
516 169
516 272
516 8
516 63
516 228
516 13
516 254
516 89
517 71
517 277
517 268
517 68
517 271
517 89
517 153
518 265
518 169
518 23
518 179
518 102
518 89
518 30
519 35
519 277
519 268
519 68
519 36
519 193
519 145
519 89
519 153
519 80
520 261
520 174
520 169
520 46
520 74
520 23
520 13
520 121
520 271
520 57
521 38
521 272
521 149
521 169
521 260
521 102
521 18
521 174
521 254
521 212
522 195
522 162
522 3
522 65
523 261
523 168
523 190
523 277
523 169
523 134
523 58
523 179
523 47
523 42
523 11
524 272
524 190
524 159
524 169
524 201
524 63
524 8
524 47
524 271
524 89
525 69
525 220
525 4
525 172
525 29
525 193
526 38
526 277
526 242
526 68
526 65
526 124
526 89
527 35
527 172
527 169
527 225
527 0
527 23
527 179
527 104
527 251
527 170
528 162
528 129
528 277
528 183
528 248
529 268
529 211
529 89
529 153
529 65
530 261
530 38
530 129
530 169
530 260
530 272
530 14
530 179
530 12
530 18
530 254
531 38
531 13
531 8
531 159
531 169
532 261
532 168
532 129
532 250
532 23
532 179
532 228
532 132
532 82
532 102
532 155
532 30
533 261
533 272
533 198
533 159
533 169
533 190
534 249
534 193
534 210
534 103
535 35
535 89
535 124
535 277
535 210
536 170
536 55
536 172
536 104
537 38
537 268
537 0
537 100
537 163
537 65
537 86
537 9
538 272
538 190
538 109
538 159
538 169
538 142
538 47
538 42
538 82
538 192
538 167
538 271
538 89
538 231
538 80
539 265
539 190
539 228
539 47
539 142
539 284
539 271
539 89
540 190
540 201
540 58
540 102
540 18
540 62
540 80
541 123
541 272
541 190
541 232
541 157
541 244
541 23
541 228
541 115
541 102
541 233
541 243
541 211
542 35
542 127
542 248
542 153
542 154
542 65
542 277
542 25
543 86
543 8
543 26
544 35
544 36
544 69
544 89
544 201
545 35
545 38
545 277
545 65
545 124
545 89
545 153
546 257
546 127
546 104
547 3
547 169
547 268
547 207
547 273
547 284
547 31
548 261
548 168
548 64
548 109
548 169
548 201
548 253
548 23
548 59
548 42
548 270
548 89
548 266
549 35
549 68
549 268
549 277
549 80
550 84
550 204
550 30
550 277
550 46
551 272
551 64
551 209
551 8
551 0
551 23
551 83
551 46
551 228
551 115
551 18
551 80
551 182
551 32
551 136
552 277
552 151
552 283
552 46
552 13
552 53
552 89
552 153
553 261
553 35
553 169
553 8
553 47
553 102
553 174
553 156
553 89
553 30
554 190
554 14
554 169
554 46
554 13
554 262
555 38
555 277
555 268
555 65
555 124
555 153
556 35
556 129
556 151
556 216
556 246
556 23
556 178
556 228
556 102
556 81
556 142
556 238
556 153
556 78
557 35
557 38
557 89
557 189
557 277
558 277
558 74
558 23
558 89
558 271
559 35
559 109
559 169
559 23
559 102
559 79
559 271
559 57
560 35
560 69
560 277
560 283
560 207
560 273
560 89
560 153
561 35
561 54
561 277
561 169
561 283
561 23
561 42
561 153
562 123
562 168
562 94
562 113
562 151
562 169
562 214
562 58
562 209
562 23
562 260
562 179
562 13
562 241
562 102
562 261
562 35
562 199
562 30
563 272
563 64
563 232
563 224
563 244
563 0
563 228
563 115
563 42
563 18
563 57
563 182
563 159
564 248
564 268
564 0
564 68
564 89
564 153
565 190
565 260
565 153
565 179
565 178
565 228
565 47
565 142
565 11
565 271
565 57
565 89
565 182
565 80
566 46
566 260
566 23
566 65
566 102
567 261
567 190
567 169
567 157
567 248
567 47
567 13
567 42
567 102
567 57
567 219
568 265
568 277
568 113
568 23
568 252
568 279
568 89
569 8
569 153
569 132
569 271
569 53
569 89
569 182
570 35
570 87
570 277
570 283
570 179
570 62
570 89
570 153
570 80
571 35
571 157
571 260
571 234
571 209
571 23
571 12
571 15
572 261
572 169
572 14
572 23
572 77
572 11
572 142
572 174
572 156
572 102
573 35
573 38
573 268
573 68
573 163
573 185
574 38
574 272
574 190
574 277
574 14
574 157
574 169
574 254
574 53
574 30
575 261
575 168
575 190
575 109
575 169
575 157
575 14
575 260
575 94
575 42
575 102
575 18
575 174
575 11
575 199
575 285
576 38
576 35
576 277
576 273
576 162
576 79
576 170
576 89
576 153
576 80
577 35
577 162
577 190
577 169
577 201
577 58
577 46
577 245
577 104
577 126
577 102
577 236
577 153
577 80
578 35
578 69
578 277
578 283
578 68
578 189
578 89
578 153
579 35
579 129
579 277
579 248
579 130
579 268
579 89
579 80
580 261
580 168
580 190
580 14
580 169
580 58
580 64
580 178
580 179
580 47
580 42
580 102
580 174
580 131
581 261
581 190
581 169
581 46
581 83
581 94
581 102
581 18
581 251
581 271
581 199
582 35
582 149
582 159
582 169
582 23
582 161
582 223
582 260
582 179
582 47
582 273
582 219
582 58
582 30
583 272
583 106
583 3
583 184
583 207
583 47
583 103
583 185
583 80
584 190
584 109
584 277
584 260
584 169
584 201
584 58
584 47
584 42
584 18
584 174
584 11
584 219
584 153
585 35
585 106
585 3
585 172
585 65
585 193
586 272
587 66
588 35
588 190
588 277
588 14
588 169
588 201
588 260
588 198
589 261
589 168
589 108
589 277
589 23
589 178
589 228
589 102
589 18
589 11
590 168
590 54
590 169
590 272
590 23
590 221
590 82
590 18
590 80
591 261
591 87
591 159
591 169
591 96
591 179
591 238
591 115
591 102
591 167
592 198
592 157
592 151
592 169
592 47
592 42
592 80
593 168
593 198
593 46
593 23
593 83
593 223
593 102
593 18
594 272
594 159
594 0
594 228
594 47
594 132
594 102
594 145
594 271
595 38
595 129
595 244
595 102
595 185
595 271
595 89
596 35
596 198
596 3
596 169
596 201
596 58
596 223
596 245
596 12
596 42
596 102
596 219
597 35
597 38
597 127
597 268
597 189
597 277
597 89
598 277
598 283
598 248
598 68
598 103
598 89
598 153
598 80
599 54
599 190
599 157
599 142
599 57
599 31
600 261
600 168
600 190
600 157
600 54
600 178
600 11
600 102
600 18
600 156
600 142
600 89
600 285
601 35
601 190
601 157
601 234
601 200
601 280
601 142
601 102
601 238
601 80
602 261
602 272
602 48
602 169
602 74
602 187
602 273
602 132
602 102
602 26
602 271
603 38
603 35
603 213
603 74
603 189
603 49
603 196
603 268
604 35
604 89
604 268
604 277
604 141
605 189
605 268
605 277
605 89
605 55
606 35
606 38
606 277
606 268
606 185
606 89
607 35
607 168
607 190
607 277
607 169
607 14
607 209
607 23
607 179
607 178
607 102
607 261
607 162
607 89
607 153
607 65
608 74
608 185
608 49
608 211
608 153
608 80
609 172
609 68
609 81
609 124
609 145
609 153
609 80
610 35
610 261
610 38
610 169
610 272
610 244
610 23
610 179
610 47
610 42
610 18
610 254
610 15
611 38
611 198
611 129
611 244
611 104
611 102
611 18
611 271
611 285
612 261
612 277
612 169
612 14
612 46
612 74
612 23
612 102
612 121
613 35
613 38
613 277
613 210
613 75
613 124
613 89
614 168
614 190
614 277
614 157
614 18
614 57
615 35
615 277
615 189
615 65
615 89
615 153
616 35
616 38
616 129
616 277
616 268
616 68
616 81
616 89
617 198
617 8
617 231
617 123
617 14
617 180
617 47
617 182
617 261
617 277
617 209
617 102
617 37
617 30
617 35
617 272
617 39
617 151
617 169
617 201
617 42
617 18
617 15
618 35
618 108
618 268
618 249
618 153
618 80
619 149
619 169
619 216
619 58
619 201
619 23
619 12
619 47
619 42
619 102
619 5
619 80
620 35
620 277
620 115
620 189
620 65
620 124
620 89
621 284
621 272
621 244
621 233
621 243
622 190
622 157
622 102
622 57
622 53
622 80
623 38
623 35
623 277
623 104
623 162
623 65
623 189
624 35
624 190
624 277
624 169
624 14
624 179
624 30
624 89
624 153
624 157
624 80
625 35
625 113
625 169
625 6
625 30
625 53
625 89
625 153
625 159
626 35
626 157
626 58
626 30
626 47
626 142
626 57
626 53
626 89
626 153
626 80
627 168
627 244
627 23
627 14
627 102
628 232
628 260
628 98
628 23
628 102
628 174
628 11
628 219
629 35
629 261
629 190
629 169
629 47
629 42
629 102
629 10
629 252
629 270
629 131
630 35
630 190
630 252
630 245
630 169
631 38
631 277
631 268
631 273
631 68
631 124
631 89
632 64
632 232
632 244
632 46
632 142
632 18
633 35
633 159
633 169
633 36
633 102
633 81
633 271
633 89
633 80
634 103
634 79
634 193
634 189
634 80
635 35
635 190
635 129
635 47
635 102
635 53
635 89
635 153
635 80
636 152
636 278
636 193
637 35
637 38
637 277
637 268
637 68
637 81
637 89
638 3
638 65
639 168
639 190
639 157
639 260
639 280
639 62
639 102
639 174
639 11
639 219
640 272
640 190
640 109
640 277
640 159
640 169
640 47
640 121
640 270
641 38
641 159
641 169
641 23
641 104
641 162
641 65
642 35
642 73
642 190
642 169
642 95
642 74
642 83
642 102
642 266
643 168
643 190
643 277
643 87
643 96
643 272
643 63
643 179
643 228
643 231
643 18
643 11
643 131
644 38
644 35
644 129
644 277
644 268
644 189
644 81
644 89
644 153
645 157
645 201
645 23
645 241
645 102
645 153
645 199
646 168
646 169
646 260
646 214
646 58
646 8
646 223
646 102
646 11
646 219
647 168
647 277
647 272
647 0
647 228
647 37
647 57
648 36
648 161
648 103
648 193
648 170
648 80
649 35
649 109
649 169
649 157
649 90
649 75
649 47
649 192
649 167
649 57
649 53
649 153
650 261
650 168
650 277
650 14
650 169
650 23
650 178
650 142
650 35
650 174
650 102
650 89
650 153
651 68
651 153
651 185
652 169
652 248
652 244
652 104
652 47
652 42
652 102
652 271
652 57
652 31
653 35
653 169
653 201
653 58
653 179
653 18
653 89
653 30
654 149
654 260
654 23
654 223
654 47
654 57
654 219
654 153
655 35
655 277
655 268
655 0
655 89
655 153
656 8
656 238
657 35
657 277
657 279
657 89
657 183
658 157
658 178
658 47
658 102
658 18
658 236
658 57
659 261
659 272
659 190
659 109
659 14
659 169
659 46
659 159
659 30
660 261
660 168
660 159
660 229
660 102
660 18
660 34
660 167
660 11
661 68
661 277
661 124
662 35
662 190
662 277
662 205
663 261
663 168
663 129
663 54
663 1
663 253
663 231
663 102
663 167
664 261
664 190
664 109
664 169
664 14
664 253
664 47
664 112
664 70
664 167
664 211
665 51
665 249
665 72
665 106
665 282
666 68
666 272
666 268
666 277
666 271
667 261
667 198
667 169
667 74
667 190
667 102
667 167
667 211
667 285
668 173
668 129
668 127
668 3
668 187
668 172
668 207
668 115
668 132
668 0
668 284
668 106
669 271
669 277
669 153
669 89
669 281
670 261
670 109
670 277
670 157
670 283
670 156
671 277
671 268
671 273
671 115
671 65
671 89
671 195
672 115
672 38
672 136
672 135
673 170
673 209
673 65
673 79
674 277
674 268
674 65
674 89
674 153
674 205
675 198
675 277
675 232
675 157
675 244
675 23
675 228
675 238
675 89
675 182
675 58
675 30
676 35
676 272
676 277
676 283
676 4
676 248
676 207
676 65
676 89
676 153
677 35
677 75
678 156
678 261
678 174
678 30
679 190
679 169
679 228
679 271
679 89
679 80
680 102
680 81
680 78
680 80
681 261
681 168
681 201
681 102
681 11
681 219
682 38
682 35
682 149
682 277
682 260
682 14
682 23
682 74
682 223
682 47
682 163
682 18
682 219
682 153
682 89
683 168
683 57
683 127
683 190
683 174
684 156
684 53
684 142
685 190
685 109
685 89
685 113
685 53
686 190
686 14
686 151
686 169
686 248
686 201
686 102
686 270
686 271
686 53
686 153
687 35
687 277
687 169
687 157
687 283
687 90
687 57
687 80
688 35
688 277
688 283
688 268
688 9
688 89
688 153
689 154
689 147
689 277
689 153
689 248
690 35
690 261
690 169
690 11
690 156
690 30
691 35
691 277
691 268
691 273
691 68
691 103
691 81
691 89
691 153
692 261
692 272
692 198
692 109
692 48
692 169
692 74
692 46
692 38
692 47
692 102
692 271
692 58
693 272
693 71
693 277
693 81
693 283
693 268
693 63
693 115
693 243
693 170
693 89
693 153
693 68
694 279
694 53
694 8
694 193
695 261
695 272
695 38
695 48
695 14
695 74
695 23
695 169
695 262
695 102
695 18
695 30
695 89
695 159
696 265
696 261
696 157
696 169
696 94
696 102
696 174
696 156
696 30
697 271
697 277
697 283
698 35
698 277
698 74
698 189
698 89
698 153
699 35
699 0
699 277
699 172
699 162
699 65
699 124
699 170
700 35
700 201
700 78
700 57
700 53
700 80
701 162
701 124
701 277
701 207
701 65
702 35
702 201
702 74
702 228
702 81
702 238
702 80
703 38
703 168
703 108
703 169
703 55
703 179
703 252
703 102
703 30
704 35
704 277
704 268
704 68
704 103
704 89
704 153
704 80
705 261
705 272
705 109
705 48
705 169
705 74
705 102
705 271
705 89
706 35
706 277
706 55
706 74
706 89
706 268
707 277
707 3
707 268
707 273
707 42
707 65
707 89
707 281
708 35
708 38
708 277
708 207
708 163
708 65
708 89
709 35
709 127
709 268
709 153
709 143
709 162
709 277
709 89
709 74
710 35
710 277
710 268
710 163
710 189
711 35
711 277
711 129
711 89
712 35
712 277
712 283
712 102
712 18
712 124
712 89
712 153
712 233
713 35
713 277
713 169
713 283
713 231
713 102
713 18
713 174
713 53
713 153
714 35
714 190
714 201
714 0
714 228
714 81
714 80
714 30
715 261
715 35
715 190
715 157
715 169
715 260
715 167
715 102
715 174
715 11
715 219
715 285
716 35
716 277
716 4
716 268
716 0
716 89
717 277
717 207
717 162
717 65
717 124
717 89
718 35
718 277
718 169
718 283
718 74
718 153
718 18
718 53
718 31
719 38
719 35
719 277
719 273
719 65
719 271
719 89
719 153
719 281
720 35
720 4
720 0
720 277
720 283
721 35
721 198
721 169
721 201
721 190
721 42
721 271
722 38
722 46
722 161
722 8
722 271
722 89
723 35
723 277
723 268
723 81
723 89
723 25
723 80
724 35
724 38
724 69
724 277
724 4
724 268
724 0
724 36
724 143
724 189
724 81
724 124
724 89
724 153
725 272
725 169
725 63
725 231
725 271
725 89
726 268
726 0
726 124
727 261
727 109
727 113
727 169
727 201
727 121
727 57
727 151
728 261
728 168
728 109
728 169
728 157
728 179
728 280
728 94
728 67
728 102
728 11
728 199
729 35
729 168
729 87
729 62
729 57
729 135
729 89
729 30
730 272
730 190
730 149
730 232
730 209
730 115
730 102
730 11
730 271
730 211
730 219
730 159
731 268
731 172
731 249
731 193
731 284
731 25
732 35
732 129
732 277
732 248
732 89
732 124
732 130
733 8
733 157
734 38
734 136
734 7
734 132
734 147
734 102
734 57
734 259
735 159
735 46
735 23
735 102
735 53
735 151
736 35
736 38
736 69
736 277
736 159
736 169
736 268
736 207
736 179
736 273
736 163
736 82
736 62
736 271
736 211
736 89
736 80
737 277
737 283
737 271
737 211
737 153
737 30
738 35
738 69
738 129
738 103
738 249
738 80
739 272
739 169
739 201
739 63
739 8
739 179
739 15
740 35
740 277
740 159
740 169
740 82
740 179
740 148
740 162
740 65
740 62
740 271
740 80
740 89
740 153
740 3
741 261
741 271
741 23
741 30
742 35
742 69
742 277
742 189
742 81
742 153
742 80
743 277
743 58
743 89
743 74
744 169
744 179
744 202
744 18
744 271
744 57
744 89
745 106
745 3
745 207
745 273
745 103
745 42
745 193
745 271
745 37
745 89
746 35
746 129
746 277
746 135
746 103
746 170
746 208
746 80
747 35
747 261
747 109
747 277
747 169
747 54
747 47
747 42
747 270
747 153
747 80
748 35
748 149
748 260
748 23
748 223
748 47
748 219
748 30
749 168
749 64
749 127
749 161
749 225
749 104
749 228
749 229
749 102
750 277
750 89
750 233
750 283
751 170
751 68
751 172
751 104
751 282
752 35
752 277
752 248
752 55
752 268
752 148
752 36
752 163
752 89
753 38
753 168
753 190
753 129
753 169
753 272
753 244
753 253
753 179
753 102
753 11
753 254
754 35
754 69
754 277
754 65
754 271
754 89
754 153
755 261
755 38
755 159
755 169
755 46
755 102
755 57
756 168
756 109
756 277
756 159
756 169
756 201
756 14
756 74
756 46
756 262
756 42
756 89
756 153
757 35
757 277
757 218
757 68
757 89
757 80
758 109
758 169
758 45
758 132
758 206
758 74
758 102
758 228
758 36
758 13
758 42
758 82
758 271
758 89
758 31
758 80
759 35
759 38
759 277
759 189
759 81
759 89
760 168
760 190
760 159
760 244
760 104
760 228
760 102
760 233
760 57
761 38
761 277
761 242
761 207
761 273
761 163
761 65
761 124
761 89
762 80
762 277
762 0
762 89
762 55
763 129
763 183
764 261
764 168
764 109
764 157
764 23
764 245
764 142
764 18
764 102
764 285
765 68
765 35
765 268
765 277
765 81
766 35
766 277
766 268
766 124
766 89
766 153
766 80
767 277
767 74
767 163
767 185
767 271
767 89
767 268
767 281
768 38
768 168
768 54
768 174
768 254
768 14
768 77
768 142
768 11
768 190
768 109
768 157
768 102
768 156
768 199
768 261
768 272
768 169
768 260
768 89
768 178
768 219
769 268
769 155
769 153
769 69
769 80
770 57
770 80
770 157
770 169
770 282
771 38
771 168
771 159
771 169
771 272
771 244
771 46
771 261
771 254
771 199
772 38
772 272
772 159
772 169
772 179
772 231
772 189
772 18
772 271
772 102
772 254
772 53
772 89
773 38
773 272
773 140
773 159
773 169
773 23
773 98
773 253
773 104
773 12
773 65
773 239
773 271
773 254
773 89
773 80
774 35
774 129
774 277
774 91
774 124
774 89
775 38
775 69
775 277
775 220
775 124
775 193
775 89
776 35
776 38
776 277
776 268
776 9
776 162
776 65
776 89
776 153
776 80
777 268
777 89
777 248
778 51
778 188
778 19
778 22
779 35
779 38
779 277
779 183
779 124
779 89
779 153
780 35
780 68
781 35
781 277
781 159
781 169
781 268
781 179
781 191
781 68
781 82
781 62
781 271
781 89
781 153
781 80
782 35
782 277
782 283
782 268
782 153
782 80
783 68
783 54
783 71
783 268
784 39
784 277
784 260
784 231
784 162
784 271
784 89
784 153
785 68
785 103
785 185
786 68
786 35
786 89
787 35
787 129
787 277
787 89
787 273
787 79
787 130
787 153
788 168
788 277
788 151
788 157
788 169
788 18
789 35
789 169
789 201
789 23
789 81
789 80
790 261
790 190
790 14
790 260
790 219
790 169
790 270
790 142
790 174
790 11
790 15
790 121
791 35
791 190
791 277
791 201
791 23
791 8
791 154
791 94
791 162
791 11
791 53
791 153
792 277
792 248
792 8
792 252
792 26
792 264
792 89
792 153
793 38
793 168
793 198
793 183
793 23
793 280
793 162
793 65
794 198
794 224
794 244
794 172
794 23
794 104
794 115
794 102
794 236
795 35
795 109
795 169
795 23
795 252
795 89
795 153
796 157
796 66
796 244
796 13
796 102
796 271
797 277
797 268
797 273
797 271
797 80
797 89
797 285
798 198
798 159
798 172
798 46
798 115
798 231
798 102
798 170
799 35
799 277
799 3
799 207
799 273
799 162
799 65
799 89
800 69
800 129
800 277
800 283
800 161
800 193
800 89
800 153
800 80
801 261
801 109
801 277
801 169
801 244
801 102
801 271
801 57
801 58
802 261
802 272
802 190
802 109
802 14
802 169
802 28
802 58
802 8
802 38
802 12
802 115
802 278
802 13
802 241
802 18
802 148
802 254
802 199
802 159
803 54
803 169
803 8
803 179
803 36
803 89
804 35
804 277
804 268
804 68
804 124
804 89
804 153
805 35
805 99
805 187
805 125
805 104
805 115
806 277
806 80
806 89
806 169
806 30
807 168
807 209
807 169
807 272
807 144
807 246
807 23
807 12
807 65
808 35
808 277
808 268
808 273
808 65
808 89
808 80
809 172
809 277
809 79
809 36
809 86
809 170
809 271
809 89
810 76
810 35
810 89
810 253
810 54
811 35
811 190
811 169
811 179
811 252
811 142
811 80
811 89
811 153
811 30
812 35
812 277
812 169
812 8
812 102
812 142
812 53
812 153
813 211
813 80
813 153
813 208
813 248
814 35
814 38
814 268
814 153
814 68
815 35
815 38
815 189
815 65
815 251
815 199
816 271
816 248
816 89
816 238
816 30
817 140
817 159
817 23
817 203
817 104
817 12
817 65
818 277
818 74
818 115
818 271
818 89
818 80
819 190
819 157
819 169
819 252
819 270
819 80
820 38
820 277
820 163
820 162
820 65
820 271
820 281
820 89
820 231
820 205
821 4
821 172
821 127
821 183
821 135
822 35
822 14
822 74
822 163
822 53
822 89
822 153
822 281
823 35
823 277
823 248
823 268
823 68
823 189
823 81
823 153
823 80
824 261
824 168
824 14
824 169
824 23
824 84
824 11
824 102
824 174
824 156
824 142
824 219
825 38
825 35
825 277
825 55
825 268
825 163
825 153
825 80
826 141
826 79
827 35
827 109
827 277
827 169
827 283
827 74
827 47
827 13
827 53
827 80
828 168
828 127
828 159
828 244
828 23
828 104
828 115
828 102
829 261
829 272
829 190
829 109
829 159
829 169
829 18
829 57
830 168
830 129
830 272
830 206
830 179
830 280
830 156
830 42
830 82
830 18
830 174
830 167
830 57
830 132
830 11
830 30
831 38
831 190
831 46
831 23
831 102
831 18
832 261
832 54
832 277
832 14
832 169
832 46
832 228
832 102
832 81
832 192
833 35
833 89
833 277
833 153
833 210
834 234
834 98
834 102
834 18
834 271
834 254
834 266
834 128
835 261
835 190
835 8
835 178
835 142
835 81
835 102
835 153
836 261
836 272
836 109
836 159
836 169
836 46
836 23
836 280
836 47
836 82
837 35
837 170
837 129
837 187
837 65
838 38
838 35
838 244
838 8
838 13
838 102
839 100
839 3
840 35
840 129
840 277
840 89
840 207
840 273
840 124
840 130
840 153
841 159
841 169
841 179
841 196
841 82
841 62
841 271
841 89
841 80
842 35
842 190
842 169
842 201
842 57
842 53
842 80
843 35
843 277
843 268
843 207
843 163
843 65
843 89
844 71
844 277
844 268
844 68
844 89
844 153
844 80
845 261
845 14
845 169
845 142
845 102
845 57
845 53
845 199
846 23
846 102
846 271
846 264
846 89
846 182
847 6
847 102
847 23
847 169
847 46
848 127
848 169
848 14
848 23
848 179
848 142
848 10
848 131
848 211
848 182
849 35
849 198
849 23
849 89
849 153
849 30
850 35
850 38
850 277
850 268
850 148
850 189
850 89
850 153
850 68
851 35
851 190
851 157
851 260
851 14
851 234
851 209
851 23
851 169
851 102
851 18
851 271
852 169
852 23
852 13
852 53
852 31
852 80
853 271
853 53
853 8
853 89
853 159
854 35
854 68
854 268
854 153
854 191
855 35
855 268
855 68
855 189
855 153
855 80
856 38
856 272
856 53
856 159
856 169
856 253
856 142
856 18
856 254
856 35
856 153
856 30
857 35
857 277
857 68
857 189
857 89
857 153
858 38
858 69
858 277
858 268
858 163
858 271
858 89
859 38
859 261
859 198
859 48
859 272
859 244
859 190
859 104
859 102
859 74
860 8
860 37
860 102
860 159
861 38
861 35
861 71
861 277
861 69
861 68
861 36
861 124
861 89
861 153
861 80
862 261
862 169
862 23
862 132
862 26
862 271
862 89
862 281
863 35
863 3
863 251
863 65
864 35
864 277
864 74
864 153
864 68
864 124
864 89
864 268
865 35
865 277
865 248
865 9
865 68
865 189
865 81
865 124
865 89
865 153
865 80
866 261
866 38
866 190
866 211
866 169
866 272
866 179
866 47
866 11
866 42
866 102
866 18
866 156
866 254
866 53
866 54
866 199
867 35
867 283
867 169
867 248
868 35
868 54
868 207
868 273
868 65
868 193
868 279
869 35
869 168
869 190
869 277
869 169
869 157
869 87
869 8
869 252
869 124
869 89
869 80
870 35
870 140
870 129
870 159
870 23
870 98
870 253
870 179
870 104
870 12
870 65
870 78
870 271
870 279
870 89
871 257
871 172
871 193
871 65
871 79
871 208
872 38
872 277
872 268
872 207
872 273
872 163
872 124
872 89
873 38
873 190
873 14
873 244
873 104
873 102
873 271
874 35
874 168
874 190
874 213
874 169
874 58
874 46
874 104
874 115
874 154
874 102
874 251
874 162
874 153
874 80
875 35
875 69
875 277
875 268
875 68
875 189
875 89
875 153
876 261
876 169
876 47
876 132
876 156
876 271
876 264
876 89
876 30
877 35
877 109
877 169
877 58
877 178
877 153
877 78
877 211
877 182
878 261
878 168
878 14
878 23
878 156
878 142
878 174
878 11
878 102
878 219
878 199
878 80
879 38
879 129
879 277
879 141
879 268
879 163
879 124
879 89
880 152
880 278
880 172
880 9
881 35
881 277
881 55
881 268
881 81
881 89
881 153
882 261
882 198
882 169
882 102
882 37
882 211
883 38
883 71
883 248
883 268
883 68
883 153
884 71
884 268
884 68
884 65
884 89
884 153
884 80
885 190
885 159
885 8
885 115
885 271
885 53
885 89
886 190
886 14
886 157
886 169
886 201
886 53
886 153
887 261
887 168
887 14
887 169
887 102
887 11
887 89
887 30
888 261
888 109
888 260
888 169
888 58
888 102
888 174
888 11
888 219
889 73
889 87
889 190
889 272
889 83
889 228
889 47
889 95
889 271
889 57
889 89
889 266
890 35
890 38
890 189
890 9
891 35
891 261
891 38
891 277
891 14
891 169
891 272
891 124
891 254
891 53
891 89
891 157
892 261
892 272
892 38
892 48
892 169
892 74
892 23
892 16
892 102
892 159
893 35
893 190
893 277
893 169
893 201
893 58
893 18
893 271
893 89
894 35
894 129
894 277
894 248
894 283
894 162
894 65
894 89
894 153
894 285
895 249
895 193
895 9
895 273
896 261
896 272
896 169
896 54
896 94
896 178
896 13
896 142
896 271
896 37
896 31
896 199
897 38
897 272
897 190
897 169
897 253
897 82
897 271
897 254
897 89
898 35
898 190
898 129
898 127
898 98
898 0
898 179
898 277
899 38
899 54
899 14
899 169
899 272
899 113
899 81
899 254
899 53
899 151
900 168
900 190
900 161
900 233
900 155
900 182
901 35
901 277
901 268
901 68
901 103
901 185
902 35
902 168
902 64
902 127
902 225
902 23
902 102
902 261
902 277
903 261
903 87
903 260
903 169
903 201
903 74
903 23
903 126
903 47
903 59
903 42
903 102
903 244
903 270
903 211
903 182
904 35
904 38
904 277
904 268
904 273
904 185
904 89
905 168
905 129
905 159
905 23
905 167
905 18
905 81
905 192
905 62
905 89
906 145
906 161
906 277
907 55
907 268
907 0
907 153
907 80
908 73
908 168
908 190
908 129
908 169
908 87
908 46
908 179
908 83
908 82
908 59
908 102
908 284
908 271
908 89
908 30
909 261
909 54
909 58
909 142
909 62
910 35
910 74
910 133
910 68
910 65
910 170
910 89
910 153
911 272
911 169
911 23
911 0
911 63
911 179
911 47
911 132
911 145
911 271
912 261
912 168
912 109
912 113
912 169
912 272
912 7
912 179
912 280
912 84
912 156
912 129
912 82
912 18
912 174
912 167
912 142
912 11
913 35
913 73
913 113
913 169
913 172
913 83
913 102
913 185
913 162
913 266
913 205
914 35
914 54
914 190
914 277
914 157
914 169
914 178
914 162
914 57
914 53
914 89
914 153
914 30
915 35
915 272
915 190
915 129
915 3
915 169
915 209
915 271
915 47
915 79
915 73
915 57
916 168
916 108
916 169
916 244
916 115
916 102
916 18
917 38
917 35
917 277
917 283
917 161
917 207
917 36
917 65
917 89
917 153
918 35
918 190
918 14
918 169
918 201
918 179
918 47
918 42
918 57
918 153
919 109
919 169
919 8
919 18
919 156
919 89
919 30
920 272
920 109
920 169
920 8
920 42
920 271
920 37
920 89
921 172
921 3
921 153
921 9
922 35
922 23
922 142
922 53
922 89
922 153
923 272
923 64
923 232
923 248
923 184
923 244
923 179
923 104
923 228
923 102
923 18
923 37
923 211
923 135
924 35
924 38
924 129
924 277
924 183
924 0
924 162
924 124
924 89
925 68
925 69
925 185
925 153
926 35
926 277
926 268
926 185
926 81
926 80
927 38
927 277
927 55
927 74
927 273
927 193
927 86
927 271
927 89
928 129
928 169
928 46
928 23
928 47
928 42
928 142
928 271
928 82
928 89
928 240
929 35
929 169
929 201
929 46
929 74
929 23
929 179
929 102
929 243
929 270
929 135
930 35
930 47
930 279
930 223
930 169
931 35
931 190
931 277
931 256
931 260
931 126
931 58
931 169
931 280
931 42
931 252
931 45
931 153
931 80
932 277
932 113
932 81
932 193
933 35
933 261
933 169
933 157
933 168
933 74
933 209
933 102
933 11
933 142
933 285
934 38
934 272
934 190
934 14
934 159
934 157
934 169
934 179
934 116
934 271
934 254
934 89
934 30
935 38
935 272
935 129
935 159
935 207
935 115
935 249
935 173
935 208
936 190
936 169
936 248
936 64
936 104
936 18
936 145
936 271
936 57
936 211
937 261
937 272
937 48
937 63
937 74
937 46
937 102
937 174
938 168
938 178
938 182
938 42
938 142
938 270
938 102
938 31
939 35
939 69
939 268
939 273
939 86
939 211
939 89
940 35
940 268
940 153
941 35
941 69
941 277
941 268
941 89
941 153
942 35
942 38
942 190
942 277
942 159
942 169
942 272
942 58
942 248
942 102
942 254
942 53
942 153
942 80
943 35
943 277
943 169
943 23
943 74
943 46
943 36
943 102
943 253
943 57
944 55
944 208
944 207
944 10
945 35
945 277
945 268
945 153
945 249
945 89
945 25
945 80
946 261
946 169
946 14
946 7
946 102
946 36
946 142
946 271
946 57
946 89
946 80
947 265
947 169
947 248
947 58
947 23
947 47
947 57
947 89
947 153
948 190
948 64
948 104
948 102
948 233
948 271
948 254
948 211
948 266
949 168
949 64
949 136
949 98
949 23
949 228
949 147
949 102
949 18
949 46
950 277
950 283
950 200
950 252
950 162
950 89
950 153
951 28
951 155
952 190
952 157
952 14
952 169
952 46
952 13
952 192
952 167
952 53
952 153
953 277
953 283
953 115
953 231
953 271
953 89
953 281
954 35
954 102
954 157
955 35
955 277
955 184
955 268
955 89
955 153
956 129
956 232
956 169
956 244
956 23
956 102
956 57
956 98
957 69
957 169
957 98
957 0
957 190
957 104
957 18
957 266
957 128
958 38
958 261
958 169
958 168
958 136
958 98
958 225
958 132
958 11
958 46
959 35
959 190
959 234
959 58
959 46
959 69
959 102
959 11
959 271
959 205
959 128
960 38
960 73
960 69
960 95
960 237
960 136
960 190
960 238
960 135
960 18
960 101
960 83
960 228
960 128
960 98
960 266
961 198
961 232
961 248
961 224
961 237
961 46
961 104
961 228
961 102
961 18
961 271
961 15
961 244
962 102
962 57
962 128
962 23
962 266
963 277
963 44
964 35
964 261
964 169
964 14
964 201
964 46
964 23
964 83
964 228
964 102
964 18
964 174
964 53
964 80
965 261
965 109
965 169
965 46
965 83
965 13
965 102
965 18
965 270
965 53
966 261
966 38
966 190
966 109
966 14
966 169
966 272
966 46
966 47
966 102
966 174
966 271
966 254
966 121
967 265
967 168
967 169
967 134
967 58
967 46
967 83
967 47
967 13
967 174
967 53
967 74
968 261
968 64
968 129
968 169
968 21
968 74
968 7
968 190
968 132
968 102
968 10
968 271
968 182
969 21
969 54
969 74
969 53
969 153
970 35
970 54
970 190
970 277
970 58
970 169
970 46
970 74
970 23
970 83
970 102
970 271
970 57
970 153
970 80
971 261
971 35
971 109
971 169
971 14
971 46
971 74
971 8
971 211
971 102
971 167
971 53
971 30
972 261
972 54
972 64
972 169
972 21
972 136
972 58
972 46
972 83
972 228
972 23
972 102
972 174
972 271
972 89
972 74
973 261
973 54
973 169
973 14
973 46
973 23
973 83
973 13
973 102
973 18
973 174
973 124
974 272
974 64
974 169
974 168
974 21
974 190
974 280
974 47
974 76
974 13
974 102
974 18
974 121
975 265
975 261
975 190
975 14
975 244
975 198
975 228
975 47
975 262
975 42
975 179
975 11
975 37
975 211
975 89
975 15
975 30
976 35
976 190
976 109
976 169
976 74
976 46
976 18
976 81
977 35
977 46
977 74
977 102
977 81
978 261
978 168
978 129
978 169
978 54
978 58
978 46
978 83
978 102
978 57
978 74
979 261
979 277
979 169
979 14
979 46
979 23
979 83
979 132
979 13
979 102
979 18
979 174
979 53
979 153
979 30
980 261
980 190
980 129
980 277
980 169
980 14
980 46
980 228
980 102
980 271
980 130
981 38
981 272
981 169
981 253
981 244
981 46
981 102
981 18
981 271
981 254
982 272
982 42
982 46
982 169
983 272
983 190
983 211
983 113
983 21
983 58
983 209
983 46
983 83
983 12
983 102
983 18
983 239
983 167
983 53
984 73
984 272
984 198
984 129
984 169
984 209
984 46
984 190
984 83
984 172
984 18
985 261
985 198
985 169
985 46
985 23
985 83
985 102
985 18
985 174
985 271
986 38
986 168
986 277
986 169
986 54
986 21
986 74
986 46
986 102
986 261
986 35
986 18
987 261
987 54
987 174
987 81
987 169
987 23
987 74
987 46
987 83
987 228
987 102
987 251
987 271
988 261
988 190
988 109
988 169
988 14
988 47
988 11
988 211
989 35
989 261
989 1
989 169
989 23
989 58
989 0
989 46
989 12
989 68
989 231
989 102
989 65
989 57
989 279
989 233
990 170
990 258
990 29
990 20
990 135
991 261
991 14
991 169
991 46
991 83
991 13
991 102
991 124
991 167
991 80
992 261
992 54
992 14
992 157
992 46
992 178
992 228
992 102
992 156
992 30
993 261
993 64
993 109
993 277
993 169
993 46
993 238
993 167
993 102
993 18
993 62
993 53
993 80
994 261
994 109
994 169
994 74
994 46
994 83
994 18
994 121
994 57
994 58
995 190
995 169
995 14
995 74
995 46
995 64
995 271
995 135
996 168
996 190
996 129
996 201
996 102
996 57
997 108
997 232
997 244
997 228
997 102
997 233
997 34
997 31
998 275
998 157
998 169
998 244
998 104
998 42
998 271
998 57
998 211
998 282
999 272
999 215
999 244
999 46
999 228
999 102
999 270
